1 0001000110001100000000
1 0011000110001100000001
1 1010100101001000000000
1 0000000000100000000111
1 0000000100001011000000
1 0001000010001101000101
1 1011000101011000000011
1 0010000100001000000001
1 0010001100001010000011
1 0100001100100000000000
1 1100101001111001111101
1 1100111011110100101100
1 1000100001001000000011
1 0100001000010001010011
1 1011001110111111011011
1 0110011100011001110111
1 0011000110001101000010
1 0000001000000000000001
1 1010101101011000100110
1 1000100001001000000100
1 0000001000111000000011
1 1000110100100000001100
1 1100111001110000001000
1 0000000100001000000000
1 0000010000100000101000
1 0000001000010001000000
1 0001001010010100000010
1 0000000000000000000100
1 0000000000000000000001
1 1011100001001101000111
1 0000000000000000000000
1 0000000000000000000000
1 1100111001110000101001
1 0111001110111001110011
1 1011100111001110000010
1 1111110000111101111101
1 1110101111011101000111
1 1001000001100000000000
1 1000100001000000001000
1 1011000111001111001100
0 0000000000000000000001
0 0000000000001000000000
0 0000000010000100000000
0 0001000000000000000000
0 0100001000010000000010
0 1000100001000000000001
0 0000000000011000000100
0 0011000100000000000000
0 0000000000000000000000
0 0000000000000000000100
0 0001000010000010000101
0 0000000000000000000000
0 0000000000000000000000
0 0010000000001000000000
0 1000101001010000000001
0 0100010000000000000000
0 0000000000000000001100
0 1110101111100101001010
0 0000000000000000000000
0 0000000000000000000000
0 1000100000100000000000
0 0000000000000000000000
0 0000000000000000000001
0 0000000000000000000000
0 0000000000000000000000
0 0000000000000000000000
0 0000000000000000000001
0 0000000000000000000000
0 1000100000000000000000
0 0000000000000000000000
0 0010000100000000000000
0 0000010000100000000000
0 1000101001010000001000
0 1010000101001000000010
0 0000000000000000000000
0 1000100001000000000000
0 1000110011000100001100
0 1000100001000000001000
0 0011001000011100000011
0 1000100000000000000000
