0.58641
-0.992034
-0.347867
3.44399
0.151568
-1.66104
-3.536
1.76443
-1.71188
-4.20609
-0.420426
-6.46115
3.82988
-7.73726
4.1925
-0.0215246
-0.402603
0.276034
-2.65875
3.84575
-2.33254
-0.484406
0.312201
0.633779
0.270034
0.776543
0.447634
-0.0258582
0.0872708
-0.0923331
0.160599
0.630084
0.0869226
-0.0530214
0.062732
0.00370353
0.323707
0.433869
-0.201779
-0.262569
0.00794351
0.981435
-0.00375176
0.409309
0.710575
-0.0183688
-0.198179
-0.550793
0.346913
0.737069
-0.0917942
0.157832
0.760259
0.136995
0.786461
0.284779
-0.283532
0.592807
0.0976514
0.0158821
0.789075
0.649351
0.433904
0.11018
-0.388844
0.322052
0.975069
0.317245
0.144948
-0.168772
-0.0485233
0.481639
0.439862
0.340474
0.221318
-0.255512
0.337298
0.629096
-0.259614
0.034155
-0.136336
0.0577451
0.514252
0.626519
0.3855
0.205989
-0.147094
0.0606281
0.90916
1.76901
0.940661
1.83867
-1.08782
0.392748
1.62692
0.0579216
-0.92163
-0.558077
0.450943
0.782969
0.987151
0.0170999
-0.2025
-0.483347
-0.899849
-1.30722
-0.797431
2.70821
0.302636
0.702825
1.58233
0.297962
0.363302
0.611455
0.085601
0.118863
0.263222
0.116406
-0.277606
0.0659038
-0.0708524
0.192441
0.214316
0.132055
0.305553
0.417341
0.0623635
0.111247
0.0871719
0.356688
-0.190903
0.336479
0.270438
-0.0588868
-0.158834
-1.58881
0.046459
0.10189
-0.112727
0.320656
-1.15132
-0.990902
0.476486
0.148321
-0.587562
-1.95135
-0.538548
-0.355585
0.430447
0.692114
0.259851
-0.534466
0.564312
0.826147
0.66936
0.690392
-0.183194
-1.38234
1.28421
0.0217599
0.621718
0.116223
-0.670054
-0.11691
0.907877
1.62394
0.773825
0.304875
-0.000437881
-0.309588
-0.152358
0.818639
0.509688
-0.0117521
0.340319
1.71827
-0.859163
0.177745
0.207865
0.10807
-0.403928
-0.185165
-0.220265
-0.952101
-1.20793
-0.380721
0.209965
0.088264
-0.232559
-0.830438
-0.346221
0.147656
-0.470301
-0.378227
-0.327713
0.478715
-0.0578581
0.387545
-0.0986436
-0.589092
-0.280039
-0.574809
-1.07107
-0.439435
0.124401
0.158111
0.649493
-0.832888
-0.113293
0.73697
-1.2768
-0.909133
-0.451833
-0.430717
0.450828
0.601445
0.373988
0.476083
3.71723
-0.905173
2.96268
-1.634
0.0228563
-1.85157
-1.3341
-1.91401
0.744083
1.16849
-0.774487
-1.39538
-0.357415
0.935019
-0.820316
-3.06654
-0.0517938
-1.03945
0.638313
0.730478
0.572754
1.53513
1.60756
0.920964
1.41234
0.313253
0.238805
-0.390216
0.20383
0.495437
0.139356
0.385978
0.108471
0.0197595
0.547325
0.309948
0.0583735
-0.0333287
0.280797
0.145347
0.134083
0.472685
0.344425
0.0692958
-0.295114
0.370852
0.569862
-0.799475
-2.13581
-0.318424
0.656726
0.7627
-0.300709
3.09228
3.03562
0.390111
-0.6884
-0.967749
0.747643
2.01096
1.25932
0.181788
1.69241
0.591096
0.74144
-1.83919
-1.02908
-0.714176
1.24183
1.97099
0.665801
0.785223
2.11434
0.122711
2.18285
-0.101806
-0.996724
1.67685
0.735385
0.986262
1.91901
-0.899505
0.0688969
0.569104
-1.62304
-1.57193
-0.87309
-1.05827
-2.42873
0.4031
-0.732523
-0.180332
0.745057
-0.573814
2.32464
2.12816
0.610129
-1.24614
1.4067
-0.913473
0.799193
1.72841
-0.456399
3.59143
-0.909004
-0.46877
-0.560148
1.25502
-0.232514
1.9732
-0.586209
-1.12867
0.858085
-0.948536
0.886871
0.0863532
-0.374628
0.0174568
0.499755
0.872018
-2.29422
0.538937
-1.51611
-0.0691688
0.969453
-2.16722
0.623706
-0.193957
-0.171832
-1.05532
-0.607471
-0.647633
0.141075
-0.963794
-1.10529
0.263136
-0.0490741
0.264443
-0.0741611
0.1057
0.324746
0.0573309
0.188548
0.233686
0.0829315
0.30946
-0.0231155
0.0601242
0.261077
0.336669
0.0138062
0.219869
0.189609
0.230162
-0.0831244
0.323141
0.375395
0.129866
0.296933
-0.147009
0.123808
0.407289
0.312024
0.074794
0.436556
0.211001
0.360673
0.129999
0.291602
0.305525
0.295239
0.0670232
0.0387212
0.439487
0.303383
0.161878
-0.293605
0.0286964
0.247924
0.753065
0.463817
0.650461
0.136512
0.178778
0.523474
0.0203003
-0.297486
0.116828
0.395383
0.3001
0.358152
-0.118857
-0.11228
0.0507824
-0.110592
-0.293683
0.0916295
1.1377
-0.213694
0.101769
0.527858
-0.669161
-0.535678
0.00362441
-0.345713
0.159968
-0.139703
1.52179
2.01513
0.477332
-0.430653
-0.59385
-0.14937
1.15707
0.395802
0.598499
1.56243
1.03913
0.931099
-0.848561
-0.644072
-0.714969
0.817893
0.0787411
0.27912
1.11106
-0.825583
-1.12729
-0.994236
-0.683443
-0.193142
0.136787
-0.434549
-1.16896
-0.47661
-0.388148
-0.0948036
0.339703
0.226271
-0.868957
-0.118114
0.415244
-0.531201
-1.69542
1.30961
0.39637
-0.150877
-0.740329
-0.515128
0.882788
-1.32029
0.685829
0.789318
-0.374232
0.73016
-0.214899
-1.08602
-1.49936
0.193396
-0.680986
0.793891
0.260414
-0.107489
-1.82536
-0.962813
-0.109306
-1.12603
0.196141
0.0919227
-0.341534
0.233125
0.696567
0.168158
0.528957
0.0741806
0.220496
0.649106
0.333483
0.060645
0.0289343
0.0801408
0.0323918
0.327772
0.401258
0.306954
0.10687
-0.378949
0.357675
0.741433
2.87517
0.750184
-0.48064
-0.348315
4.22909
5.82864
4.47676
1.83001
-2.36865
-0.776873
-0.244119
5.00107
-4.67926
-1.77436
5.34205
-3.23895
0.67812
2.75922
-2.85329
-1.98411
-0.208966
-0.631974
0.229858
-0.0167868
-1.12289
-1.43965
0.118342
0.706109
-0.459136
2.02014
0.0490137
-0.191857
1.02135
1.57325
-0.260509
-0.0702782
-0.108803
-0.273768
0.533028
1.21543
0.25396
0.706678
-0.294189
1.53406
0.255893
0.302386
0.300622
0.000861657
0.452461
0.436529
0.142851
0.176802
0.314206
0.124975
0.410943
0.361906
0.154566
0.426853
0.0491601
0.0589841
0.411481
0.37197
0.0531602
0.333554
-0.10091
0.0828044
0.00527186
0.577109
0.383201
0.536013
0.261997
0.00105045
0.644814
0.0579876
-0.124011
0.334539
0.487139
-0.10622
0.494523
-0.0842635
0.209955
0.397756
-0.0922026
-0.224361
0.150983
0.0634103
-0.881331
0.393354
0.160581
0.546381
0.534956
0.638741
-0.0427869
0.0086437
0.476372
0.278352
-0.139984
0.0106442
0.234145
0.0252178
0.154436
0.0538984
0.261183
0.0572746
0.00721815
-0.12178
0.258996
0.340366
-0.468295
0.353545
0.494194
0.624607
0.512648
-0.455736
1.53488
1.43438
0.708876
-1.02734
0.206525
-1.00715
0.995732
0.826065
0.147659
1.67195
-0.762572
0.0351741
0.362476
0.712382
0.344206
1.11914
0.174716
0.176607
0.345888
-0.945868
-1.91921
0.150141
1.01351
0.288844
-0.382035
2.98703
2.65646
0.172432
-0.800092
-0.428774
0.824255
1.75058
0.860272
-0.115612
1.32769
0.900061
0.893081
-1.30276
-0.797753
-0.491915
0.990464
0.476681
0.335958
-0.41041
1.82002
1.32686
0.984845
-1.39445
0.444252
0.0886504
1.00673
0.859547
-0.0265278
2.19587
0.0921589
-0.450332
-0.290897
0.726772
-0.279169
1.4029
-0.0814775
-0.482142
0.564458
-0.976845
0.328546
-1.40351
-1.00168
-1.2239
0.345149
1.23338
-0.323341
-0.811589
-0.299838
0.668865
-0.89031
-2.01999
-0.119519
-0.180493
0.390941
0.959626
0.63538
-0.979007
0.571025
0.676563
0.341391
0.720844
1.44541
0.59609
-0.251711
0.441704
1.71592
0.352224
-1.20227
0.256724
-0.251943
0.864408
1.34283
0.258665
0.444215
0.383012
-0.400821
-1.0069
-0.103483
0.305751
-1.01701
-0.386528
0.151119
0.842565
0.676337
0.603127
-0.0924712
0.682715
0.601733
-0.118125
-0.380256
-0.169946
0.5695
-0.0634773
0.186274
0.210335
-0.0637021
0.201876
0.080439
-0.509318
0.0240144
1.09787
-0.80922
0.571766
0.504435
0.189789
0.344718
0.339055
0.214898
0.277863
0.383823
0.353293
-0.172431
0.417327
0.117519
-0.140986
0.318606
-0.202208
0.411972
0.266548
0.356141
0.142864
0.165594
0.317934
-0.593767
0.0702119
0.513252
0.696907
-1.04046
-0.559108
-0.618534
0.235017
-2.00804
-0.797879
2.42106
-0.106661
1.54498
-0.82744
-2.50508
1.67752
-0.740317
0.846522
1.13584
1.77969
1.24022
-2.31375
-1.45486
0.869479
4.66552
0.362766
0.56199
0.188607
-0.341698
-2.09054
0.509814
0.18534
-2.35208
0.00245832
-0.202089
0.583192
0.655884
-2.29138
0.226104
-0.579026
-1.0538
-0.885926
-0.904598
-0.997417
0.429624
1.16084
-0.793423
0.613308
0.381976
0.150436
0.0825704
-0.299959
0.119431
-0.491185
-0.507832
-0.0727984
0.422785
-0.364189
-0.719861
-0.935191
0.144613
0.400577
-0.220606
-0.544646
-0.207764
1.28431
-3.85754
-0.0887564
1.81147
-1.50327
0.144251
-1.81424
-1.89065
-2.16439
0.61023
1.5425
-0.920419
-1.82506
-0.660835
0.784048
-0.738238
-3.35265
-0.386955
-1.21706
0.608514
1.25581
1.18009
1.95515
1.48502
1.41291
1.26956
1.1122
0.25346
1.22508
1.42267
-0.429732
0.0250116
-1.57881
0.0947633
0.192208
0.628419
-0.366737
-0.543186
-1.23966
-0.361293
0.648687
-0.488051
-0.721101
-0.415682
1.42824
-2.00497
0.736695
3.88872
0.186115
0.28283
-0.131448
0.190178
0.10378
0.193297
0.292657
0.19864
-0.152659
0.480687
0.634068
0.0614468
0.0846012
0.234303
0.241493
0.23094
0.714926
0.38573
0.267938
0.0525082
0.0522075
0.11651
0.397566
0.0509318
-0.96766
0.994911
0.268405
0.166662
-0.840436
-0.351427
-0.657649
0.996288
1.41016
0.197779
0.495891
-0.280199
-0.014651
-0.0239807
0.887796
0.415976
1.00147
0.0226824
1.23467
-0.0920776
0.0379963
0.239795
0.645302
-0.439459
0.326221
-0.366933
-0.469776
0.0285376
0.0430622
-0.31063
-1.52829
-0.529844
0.291758
-0.119329
0.265991
-0.520009
-0.803329
-0.430355
-0.230768
0.189268
-1.33787
0.846639
1.37176
1.34467
0.938323
-0.852415
0.313631
1.34348
-0.118974
-0.284705
-0.455046
0.644938
0.195738
0.311379
-0.23776
-0.0828872
-0.200521
-0.536036
-0.915394
-0.133787
1.98535
-0.215073
0.621398
0.900837
0.45812
0.363208
0.472895
0.249734
0.261566
0.397885
0.101049
-0.0820753
0.0552704
0.195612
-0.0782326
0.258266
0.126794
0.127656
0.390381
0.044379
0.0977928
0.034151
0.213967
-0.28913
0.36693
0.646687
0.791783
0.793321
0.704306
0.0105037
0.313525
0.828023
0.0347931
-0.122945
0.0813951
0.403822
0.0918932
0.255998
-0.343643
0.0388636
0.0890341
-0.229525
-0.256259
0.0060228
0.579661
-0.821754
0.273127
0.288406
